0.0,0.0,1.0,0.0,1.0,0.0,-1.0,0.0,0.0,0.0,0.0,0.5,0
0.0,0.0,1.0,0.0,1.0,0.0,-1.0,0.0,0.0,8.783053839747285e-09,7.905331644175763e-09,0.4999999999940819,0
0.0,0.0,1.0,0.0,1.0,0.0,-1.0,0.0,0.0,7.016690446240277e-08,6.315487304771552e-08,0.4999999999527209,0
0.0,0.0,1.0,0.0,1.0,0.0,-1.0,0.0,0.0,2.364843953088403e-07,2.1285165817024484e-07,0.4999999998406547,0
0.0,0.0,1.0,0.0,1.0,0.0,-1.0,0.0,0.0,5.597765497312467e-07,5.038360635149288e-07,0.49999999962281744,0
0.0,0.0,1.0,0.0,1.0,0.0,-1.0,0.0,0.0,1.0917931129060064e-06,9.826862958860508e-07,0.49999999926433986,0
-1.3318052117802449e-06,0.0,0.9999999999991132,0.0,1.0,0.0,-0.9999999999991132,0.0,-1.3318052117802449e-06,1.8839930929007054e-06,1.695718880146592e-06,0.49999999872929374,0
-2.111912417966184e-06,0.0,0.9999999999977699,0.0,1.0,0.0,-0.9999999999977699,0.0,-2.111912417966184e-06,2.9875453046885122e-06,2.6889891469758127e-06,0.49999999798381,0
-3.148083014442635e-06,0.0,0.9999999999950447,0.0,1.0,0.0,-0.9999999999950447,0.0,-3.148083014442635e-06,4.453328909511198e-06,4.008291720626826e-06,0.4999999969922966,0
-4.476079390469182e-06,0.0,0.9999999999899823,0.0,1.0,0.0,-0.9999999999899823,0.0,-4.476079390469182e-06,6.331933958054993e-06,5.699161006684184e-06,0.4999999957193141,0
-6.1314599445427584e-06,0.0,0.9999999999812026,0.0,1.0,0.0,-0.9999999999812026,0.0,-6.1314599445427584e-06,8.673661931984282e-06,7.806871679821453e-06,0.4999999941290164,0
-8.149579467475845e-06,0.0,0.9999999999667922,0.0,1.0,0.0,-0.9999999999667922,0.0,-8.149579467475845e-06,1.1528526285746911e-05,1.0376439171558793e-05,0.4999999921849977,0
-1.0565589525473032e-05,0.0,0.9999999999441842,0.0,1.0,0.0,-0.9999999999441842,0.0,-1.0565589525473032e-05,1.4946252988365426e-05,1.3452620158020539e-05,0.49999998985012056,0
-1.3414438843205374e-05,0.0,0.9999999999100264,0.0,1.0,0.0,-0.9999999999100264,0.0,-1.3414438843205374e-05,1.8976281065215135e-05,1.707991304769278e-05,0.49999998708633075,0
-1.6730873686881838e-05,0.0,0.999999999860039,0.0,1.0,0.0,-0.999999999860039,0.0,-1.6730873686881838e-05,2.3667763139787066e-05,2.1302558469180945e-05,0.49999998385445427,0
-2.0549438247317026e-05,0.0,0.9999999997888603,0.0,1.0,0.0,-0.9999999997888603,0.0,-2.0549438247317026e-05,2.9069565975435144e-05,2.6164539758967345e-05,0.49999998011397984,0
-2.4904475022994268e-05,0.0,0.9999999996898835,0.0,1.0,0.0,-0.9999999996898835,0.0,-2.4904475022994268e-05,3.5230271017107146e-05,3.1709583449168825e-05,0.49999997582282635,0
-2.9830125203122844e-05,0.0,0.9999999995550818,0.0,1.0,0.0,-0.9999999995550818,0.0,-2.9830125203122844e-05,4.219817493305764e-05,3.798115975529426e-05,0.4999999709370964,0
-3.5360329050688336e-05,0.0,0.9999999993748235,0.0,1.0,0.0,-0.9999999993748235,0.0,-3.5360329050688336e-05,5.00212901565406e-05,4.502248306400221e-05,0.49999996541081376,0
-4.152882628549444e-05,0.0,0.9999999991376783,0.0,1.0,0.0,-0.9999999991376783,0.0,-4.152882628549444e-05,5.8747345427481674e-05,5.287651242085842e-05,0.49999995919564866,0
-4.836915646719493e-05,0.0,0.9999999988302124,0.0,1.0,0.0,-0.9999999988302124,0.0,-4.836915646719493e-05,6.842378633412647e-05,6.158595201809351e-05,0.4999999522406281,0
-5.591465937831374e-05,0.0,0.9999999984367755,0.0,1.0,0.0,-0.9999999984367755,0.0,-5.591465937831374e-05,7.909777585466368e-05,7.119325168236041e-05,0.4999999444918342,0
-6.419847540725165e-05,0.0,0.9999999979392779,0.0,1.0,0.0,-0.9999999979392779,0.0,-6.419847540725165e-05,9.081619489882019e-05,8.174060736249209e-05,0.49999993589208824,0
-7.325354593127711e-05,0.0,0.999999997316959,0.0,1.0,0.0,-0.999999997316959,0.0,-7.325354593127711e-05,0.00010362564284942517,9.326996161725901e-05,0.4999999263806228,0
-8.311261369949923e-05,0.0,0.9999999965461467,0.0,1.0,0.0,-0.9999999965461467,0.0,-8.311261369949923e-05,0.00011757243810394054,0.00010582300410312677,0.49999991589274106,0
-9.38082232158202e-05,0.0,0.9999999956000086,0.0,1.0,0.0,-0.9999999956000086,0.0,-9.38082232158202e-05,0.00013270261861595477,0.00011944117206201371,0.49999990435946484,0
-0.00010537272112186476,0.0,0.9999999944482948,0.0,1.0,0.0,-0.9999999944482948,0.0,-0.00010537272112186476,0.0001490619424366355,0.00013416565080904836,0.4999998917071697,0
-0.00011783825657988389,0.0,0.9999999930570727,0.0,1.0,0.0,-0.9999999930570727,0.0,-0.00011783825657988389,0.0001666958882561388,0.0001500373742203274,0.4999998778572102,0
-0.00013123678165562888,0.0,0.9999999913884535,0.0,1.0,0.0,-0.9999999913884535,0.0,-0.00013123678165562888,0.00018564965594496832,0.0001670970252206724,0.4999998627255322,0
-0.0001456000517011943,0.0,0.9999999894003124,0.0,1.0,0.0,-0.9999999894003124,0.0,-0.0001456000517011943,0.00020596816709528393,0.0001853850362713885,0.49999984622227656,0
-0.00016095962573782412,0.0,0.9999999870459994,0.0,1.0,0.0,-0.9999999870459994,0.0,-0.00016095962573782412,0.00022769606556215027,0.00020494158985802106,0.4999998282513699,0
-0.00017734686683867963,0.0,0.9999999842740442,0.0,1.0,0.0,-0.9999999842740442,0.0,-0.00017734686683867963,0.0002508777180047253,0.00022580661897811402,0.49999980871010713,0
-0.00019479294251156302,0.0,0.9999999810278546,0.0,1.0,0.0,-0.9999999810278546,0.0,-0.00019479294251156302,0.0002755572144273789,0.0002480198076289668,0.4999997874887233,0
-0.00021332882508159437,0.0,0.9999999772454059,0.0,1.0,0.0,-0.9999999772454059,0.0,-0.00021332882508159437,0.00030177836872073867,0.00027162059129539197,0.49999976446995537,0
-0.00023298529207383737,0.0,0.9999999728589265,0.0,1.0,0.0,-0.9999999728589265,0.0,-0.00023298529207383737,0.00032958471920265843,0.0002966481574374735,0.4999997395285958,0
-0.0002537929265958681,0.0,0.9999999677945747,0.0,1.0,0.0,-0.9999999677945747,0.0,-0.0002537929265958681,0.00035901952915909797,0.00032314144597832354,0.49999971253103576,0
-0.00027578211772028336,0.0,0.999999961972111,0.0,1.0,0.0,-0.999999961972111,0.0,-0.00027578211772028336,0.00039012578738491374,0.0003511391497918404,0.49999968333480094,0
-0.00029898306086714396,0.0,0.9999999553045636,0.0,1.0,0.0,-0.9999999553045636,0.0,-0.00029898306086714396,0.0004229462087245492,0.000380679715190466,0.4999996517880778,0
-0.0003234257581863456,0.0,0.9999999476978881,0.0,1.0,0.0,-0.9999999476978881,0.0,-0.0003234257581863456,0.00045752323461262007,0.0004118013424129435,0.4999996177292321,0
-0.0003491400189399154,0.0,0.9999999390506217,0.0,1.0,0.0,-0.9999999390506217,0.0,-0.0003491400189399154,0.0004938990336143863,0.00044454198611207504,0.49999958098631936,0
-0.00037615545988422503,0.0,0.9999999292535325,0.0,1.0,0.0,-0.9999999292535325,0.0,-0.00037615545988422503,0.0005321155019661032,0.00047893935584247886,0.4999995413765884,0
-0.00040450150565211673,0.0,0.9999999181892626,0.0,1.0,0.0,-0.9999999181892626,0.0,-0.00040450150565211673,0.0005722142641152428,0.0005150309165483475,0.4999994987059756,0
-0.0004342073891349365,0.0,0.9999999057319672,0.0,1.0,0.0,-0.9999999057319672,0.0,-0.0004342073891349365,0.0006142366732605799,0.0005528538890512048,0.4999994527685947,0
-0.00046530215186446606,0.0,0.9999998917469479,0.0,1.0,0.0,-0.9999998917469479,0.0,-0.00046530215186446606,0.0006582238118921299,0.0005924452505376638,0.49999940334621745,0
-0.0004978146443947498,0.0,0.9999998760902823,0.0,1.0,0.0,-0.9999998760902823,0.0,-0.0004978146443947498,0.0007042164923309342,0.0006338417350471843,0.49999935020774894,0
-0.0005317735266838086,0.0,0.9999998586084482,0.0,1.0,0.0,-0.9999998586084482,0.0,-0.0005317735266838086,0.0007522552572686806,0.0006770798339598307,0.4999992931086962,0
-0.0005672072684752326,0.0,0.9999998391379443,0.0,1.0,0.0,-0.9999998391379443,0.0,-0.0005672072684752326,0.0008023803803071493,0.0007221957964840282,0.49999923179063077,0
-0.0006041441496796502,0.0,0.9999998175049065,0.0,1.0,0.0,-0.9999998175049065,0.0,-0.0006041441496796502,0.0008546318664974781,0.0007692256301443225,0.49999916598064575,0
-0.0006426122607560604,0.0,0.9999997935247198,0.0,1.0,0.0,-0.9999997935247198,0.0,-0.0006426122607560604,0.0009090494528792329,0.0008182051012691364,0.49999909539080656,0
-0.0006826395030930246,0.0,0.9999997670016273,0.0,1.0,0.0,-0.9999997670016273,0.0,-0.0006826395030930246,0.0009656726090192743,0.000869169735478527,0.49999901971759725,0
-0.0007242535893897085,0.0,0.9999997377283347,0.0,1.0,0.0,-0.9999997377283347,0.0,-0.0007242535893897085,0.0010245405375504093,0.0009221548181719424,0.4999989386413608,0
-0.0007674820440367714,0.0,0.9999997054856127,0.0,1.0,0.0,-0.9999997054856127,0.0,-0.0007674820440367714,0.0010856921747098226,0.0009771953950159823,0.499998851825736,0
-0.0008123522034970847,0.0,0.9999996700418943,0.0,1.0,0.0,-0.9999996700418943,0.0,-0.0008123522034970847,0.001149166190877266,0.0010343262724321536,0.49999875891708806,0
-0.0008588912166862805,0.0,0.9999996311528709,0.0,1.0,0.0,-0.9999996311528709,0.0,-0.0008588912166862805,0.0012150009911130008,0.001093582018084627,0.49999865954393624,0
-0.0009071260453531197,0.0,0.9999995885610843,0.0,1.0,0.0,-0.9999995885610843,0.0,-0.0009071260453531197,0.0012832347156954856,0.0011549969613679969,0.4999985533163764,0
-0.0009570834644596661,0.0,0.9999995419955161,0.0,1.0,0.0,-0.9999995419955161,0.0,-0.0009570834644596661,0.001353905240658786,0.0012186051938950352,0.4999984398255003,0
-0.0010087900625612694,0.0,0.9999994911711754,0.0,1.0,0.0,-0.9999994911711754,0.0,-0.0010087900625612694,0.0014270501783297082,0.0012844405699844554,0.49999831864281147,0
-0.0010622722421863313,0.0,0.9999994357886826,0.0,1.0,0.0,-0.9999994357886826,0.0,-0.0010622722421863313,0.00150270687786463,0.0013525367071486633,0.49999818931963635,0
-0.001117556220215863,0.0,0.9999993755338523,0.0,1.0,0.0,-0.9999993755338523,0.0,-0.001117556220215863,0.001580912425786028,0.0014229269865815187,0.49999805138653386,0
-0.0011746680282628112,0.0,0.9999993100772737,0.0,1.0,0.0,-0.9999993100772737,0.0,-0.0011746680282628112,0.0016617036465186794,0.0014956445536460916,0.4999979043527012,0
-0.0012336335130511515,0.0,0.9999992390738882,0.0,1.0,0.0,-0.9999992390738882,0.0,-0.0012336335130511515,0.001745117102925532,0.0015707223183624199,0.49999774770537625,0
-0.0012944783367947387,0.0,0.9999991621625668,0.0,1.0,0.0,-0.9999991621625668,0.0,-0.0012944783367947387,0.0018311890968432272,0.0016481929558952672,0.4999975809092395,0
-0.001357227977575898,0.0,0.9999990789656843,0.0,1.0,0.0,-0.9999990789656843,0.0,-0.001357227977575898,0.0019199556696172565,0.0017280889070418798,0.49999740340581106,0
-0.001421907729723757,0.0,0.9999989890886931,0.0,1.0,0.0,-0.9999989890886931,0.0,-0.001421907729723757,0.0020114526026367508,0.0018104423787197467,0.49999721461284735,0
-0.0014885427041922978,0.0,0.9999988921196952,0.0,1.0,0.0,-0.9999988921196952,0.0,-0.0014885427041922978,0.0021057154178688695,0.0018952853444543516,0.4999970139237356,0
-0.0015571578289381327,0.0,0.999998787629013,0.0,1.0,0.0,-0.999998787629013,0.0,-0.0015571578289381327,0.0022027793783927978,0.0019826495448669362,0.499996800706886,0
-0.001627777849297977,0.0,0.9999986751687591,0.0,1.0,0.0,-0.9999986751687591,0.0,-0.001627777849297977,0.0023026794889333185,0.002072566488162256,0.49999657430512323,0
-0.001700427328365824,0.0,0.9999985542724054,0.0,1.0,0.0,-0.9999985542724054,0.0,-0.001700427328365824,0.0024054504963939584,0.0021650674506163378,0.49999633403507593,0
-0.0017751306473697966,0.0,0.9999984244543512,0.0,1.0,0.0,-0.9999984244543512,0.0,-0.0017751306473697966,0.0025111268903896763,0.0022601834770642347,0.49999607918656586,0
-0.0018519120060486844,0.0,0.9999982852094906,0.0,1.0,0.0,-0.9999982852094906,0.0,-0.0018519120060486844,0.0026197429037791054,0.002357945381387789,0.4999958090219953,0
-0.0019307954230281307,0.0,0.99999813601278,0.0,1.0,0.0,-0.99999813601278,0.0,-0.0019307954230281307,0.0027313325131963027,0.002458383747003384,0.49999552277573495,0
-0.0020118047361964856,0.0,0.999997976318804,0.0,1.0,0.0,-0.999997976318804,0.0,-0.0020118047361964856,0.002845929439582022,0.0025615289273497057,0.49999521965350974,0
-0.00209496360308029,0.0,0.9999978055613431,0.0,1.0,0.0,-0.9999978055613431,0.0,-0.00209496360308029,0.00296356714871447,0.0026674110463755013,0.4999948988317863,0
-0.0021802955012193955,0.0,0.9999976231529389,0.0,1.0,0.0,-0.9999976231529389,0.0,-0.0021802955012193955,0.003084278851739536,0.0027760599990273287,0.4999945594571585,0
-0.0022678237285417074,0.0,0.9999974284844618,0.0,1.0,0.0,-0.9999974284844618,0.0,-0.0022678237285417074,0.0032080975057005067,0.0028875054517373275,0.4999942006457343,0
-0.0023575714037375236,0.0,0.9999972209246765,0.0,1.0,0.0,-0.9999972209246765,0.0,-0.0023575714037375236,0.0033350558140671917,0.0030017768429109627,0.4999938214825219,0
-0.0024495614666334878,0.0,0.99999699981981,0.0,1.0,0.0,-0.99999699981981,0.0,-0.0024495614666334878,0.0034651862272645118,0.0031189033834147888,0.499993421020818,0
-0.002543816678566121,0.0,0.9999967644931187,0.0,1.0,0.0,-0.9999967644931187,0.0,-0.002543816678566121,0.0035985209432004926,0.003238914057064213,0.499992998281594,0
-0.002640359622754918,0.0,0.999996514244456,0.0,1.0,0.0,-0.999996514244456,0.0,-0.002640359622754918,0.003735091907793639,0.0033618376211112383,0.4999925522528857,0
-0.0027392127046750323,0.0,0.9999962483498418,0.0,1.0,0.0,-0.9999962483498418,0.0,-0.0027392127046750323,0.0038749308154997324,0.003487702606732239,0.4999920818891826,0
-0.0028403981524294823,0.0,0.9999959660610315,0.0,1.0,0.0,-0.9999959660610315,0.0,-0.0028403981524294823,0.004018069109837948,0.0036165373195157008,0.49999158611081845,0
-0.0029439380171209254,0.0,0.9999956666050865,0.0,1.0,0.0,-0.9999956666050865,0.0,-0.0029439380171209254,0.004164537983916359,0.0037483698399499916,0.4999910638033633,0
-0.003049854173222945,0.0,0.999995349183946,0.0,1.0,0.0,-0.999995349183946,0.0,-0.003049854173222945,0.0043143683809567695,0.0038832280239111143,0.49999051381701676,0
-0.0031581683189508573,0.0,0.9999950129739994,0.0,1.0,0.0,-0.9999950129739994,0.0,-0.0031581683189508573,0.004467590994818838,0.00402113950315046,0.4999899349660042,0
-0.003268901976632031,0.0,0.9999946571256604,0.0,1.0,0.0,-0.9999946571256604,0.0,-0.003268901976632031,0.004624236270523546,0.004162131685782572,0.4999893260279721,0
-0.0033820764930756982,0.0,0.9999942807629426,0.0,1.0,0.0,-0.9999942807629426,0.0,-0.0033820764930756982,0.004784334404775929,0.004306231756772903,0.49998868574338884,0
-0.0034977130399422387,0.0,0.9999938829830362,0.0,1.0,0.0,-0.9999938829830362,0.0,-0.0034977130399422387,0.004947915346487069,0.004453466678425565,0.4999880128149445,0
-0.003615832614111957,0.0,0.9999934628558862,0.0,1.0,0.0,-0.9999934628558862,0.0,-0.003615832614111957,0.00511500879729537,0.004603863190871099,0.49998730590695467,0
-0.0037364560380532966,0.0,0.9999930194237736,0.0,1.0,0.0,-0.9999930194237736,0.0,-0.0037364560380532966,0.005285644212087037,0.004757447812554223,0.499986563644767,0
-0.003859603960190519,0.0,0.9999925517008966,0.0,1.0,0.0,-0.9999925517008966,0.0,-0.003859603960190519,0.0054598507995158125,0.004914246840721597,0.4999857846141687,0
-0.003985296855270805,0.0,0.9999920586729554,0.0,1.0,0.0,-0.9999920586729554,0.0,-0.003985296855270805,0.005637657522521873,0.005074286351909567,0.49998496736079867,0
-0.004113555024730794,0.0,0.9999915392967375,0.0,1.0,0.0,-0.9999915392967375,0.0,-0.004113555024730794,0.0058190930988499595,0.005237592202431938,0.49998411038956087,0
-0.004244398597062544,0.0,0.9999909924997071,0.0,1.0,0.0,-0.9999909924997071,0.0,-0.004244398597062544,0.0060041860015666694,0.005404190028867731,0.49998321216404296,0
-0.004377847528178861,0.0,0.9999904171795948,0.0,1.0,0.0,-0.9999904171795948,0.0,-0.004377847528178861,0.006192964459576872,0.0055741052485489264,0.49998227110593496,0
-0.004513921601778045,0.0,0.9999898122039909,0.0,1.0,0.0,-0.9999898122039909,0.0,-0.004513921601778045,0.006385456458139297,0.005747363060048228,0.4999812855944546,0
-0.004652640429708035,0.0,0.9999891764099409,0.0,1.0,0.0,-0.9999891764099409,0.0,-0.004652640429708035,0.006581689739381271,0.0059239884436668375,0.4999802539657742,0
-0.004794023452329861,0.0,0.9999885086035432,0.0,1.0,0.0,-0.9999885086035432,0.0,-0.004794023452329861,0.006781691802812475,0.006104006161922179,0.4999791745124509,0
-0.004938089938880527,0.0,0.99998780755955,0.0,1.0,0.0,-0.99998780755955,0.0,-0.004938089938880527,0.006985489905837918,0.0062874407600356915,0.49997804548286257,0
-0.005084858987835177,0.0,0.9999870720209706,0.0,1.0,0.0,-0.9999870720209706,0.0,-0.005084858987835177,0.0071931110642698675,0.006474316566420559,0.49997686508064554,0
-0.005234349527268628,0.0,0.9999863006986778,0.0,1.0,0.0,-0.9999863006986778,0.0,-0.005234349527268628,0.007404582052838918,0.006664657693169479,0.49997563146413776,0
-0.005386580315216237,0.0,0.9999854922710167,0.0,1.0,0.0,-0.9999854922710167,0.0,-0.005386580315216237,0.0076199294057041015,0.006858488036542429,0.4999743427458253,0
-0.005541569940034048,0.0,0.9999846453834177,0.0,1.0,0.0,-0.9999846453834177,0.0,-0.005541569940034048,0.007839179416961986,0.007055831277454412,0.49997299699179387,0
-0.005699336820758252,0.0,0.999983758648011,0.0,1.0,0.0,-0.999983758648011,0.0,-0.005699336820758252,0.008062358141154814,0.007256710881963205,0.4999715922211841,0
-0.005859899207463978,0.0,0.9999828306432458,0.0,1.0,0.0,-0.9999828306432458,0.0,-0.005859899207463978,0.008289491393777677,0.007461150101757153,0.49997012640565147,0
-0.006023275181623281,0.0,0.9999818599135119,0.0,1.0,0.0,-0.9999818599135119,0.0,-0.006023275181623281,0.008520604751784582,0.007669171974642874,0.4999685974688316,0
-0.0061894826564625,0.0,0.999980844968765,0.0,1.0,0.0,-0.999980844968765,0.0,-0.0061894826564625,0.008755723554093622,0.007880799325033074,0.4999670032858094,0
-0.006358539377318783,0.0,0.999979784284156,0.0,1.0,0.0,-0.999979784284156,0.0,-0.006358539377318783,0.00899487290209095,0.00809605476443425,0.4999653416825939,0
-0.006530462921995935,0.0,0.9999786762996621,0.0,1.0,0.0,-0.9999786762996621,0.0,-0.006530462921995935,0.00923807766013384,0.008314960691934492,0.4999636104355971,0
-0.0067052707011194595,0.0,0.9999775194197241,0.0,1.0,0.0,-0.9999775194197241,0.0,-0.0067052707011194595,0.009485362456052571,0.008537539294691213,0.49996180727111994,0
-0.0068829799584908405,0.0,0.9999763120128852,0.0,1.0,0.0,-0.9999763120128852,0.0,-0.0068829799584908405,0.009736751681651262,0.008763812548418909,0.49995992986484056,0
-0.007063607771441064,0.0,0.9999750524114346,0.0,1.0,0.0,-0.9999750524114346,0.0,-0.007063607771441064,0.009992269493207627,0.008993802217876939,0.4999579758413109,0
-0.007247171051183314,0.0,0.999973738911055,0.0,1.0,0.0,-0.999973738911055,0.0,-0.007247171051183314,0.01025193981197157,0.009227529857357255,0.4999559427734568,0
-0.0074336865431648995,0.0,0.9999723697704742,0.0,1.0,0.0,-0.9999723697704742,0.0,-0.0074336865431648995,0.010515786324662702,0.009465016811172176,0.499953828182085,0
-0.0076231708274183555,0.0,0.9999709432111195,0.0,1.0,0.0,-0.9999709432111195,0.0,-0.0076231708274183555,0.010783832483966672,0.009706284214142139,0.49995162953539407,0
-0.007815640318911724,0.0,0.999969457416778,0.0,1.0,0.0,-0.999969457416778,0.0,-0.007815640318911724,0.011056101509030355,0.009951352992083455,0.4999493442484939,0
-0.008011111267898025,0.0,0.9999679105332597,0.0,1.0,0.0,-0.9999679105332597,0.0,-0.008011111267898025,0.011332616385955918,0.010200243862296074,0.49994696968292773,0
-0.008209599760263869,0.0,0.9999663006680657,0.0,1.0,0.0,-0.9999663006680657,0.0,-0.008209599760263869,0.011613399868293638,0.010452977334051343,0.4999445031462034,0
-0.008411121717877237,0.0,0.9999646258900597,0.0,1.0,0.0,-0.9999646258900597,0.0,-0.008411121717877237,0.011898474477533567,0.010709573709079746,0.49994194189132823,0
-0.008615692898934402,0.0,0.9999628842291454,0.0,1.0,0.0,-0.9999628842291454,0.0,-0.008615692898934402,0.012187862503595989,0.010970053082058681,0.4999392831163515,0
-0.008823328898306,0.0,0.9999610736759468,0.0,1.0,0.0,-0.9999610736759468,0.0,-0.008823328898306,0.012481586005320677,0.011234435341100224,0.49993652396391314,0
-0.009034045147882199,0.0,0.999959192181494,0.0,1.0,0.0,-0.999959192181494,0.0,-0.009034045147882199,0.012779666810954864,0.011502740168238847,0.4999336615207978,0
-0.009247856916917032,0.0,0.9999572376569131,0.0,1.0,0.0,-0.9999572376569131,0.0,-0.009247856916917032,0.013082126518640052,0.01177498703991923,0.49993069281749664,0
-0.009464779312371814,0.0,0.9999552079731212,0.0,1.0,0.0,-0.9999552079731212,0.0,-0.009464779312371814,0.013388986496897534,0.01205119522748397,0.4999276148277747,0
-0.009684827279257674,0.0,0.9999531009605255,0.0,1.0,0.0,-0.9999531009605255,0.0,-0.009684827279257674,0.013700267885112635,0.012331383797661372,0.49992442446824603,0
-0.009908015600977184,0.0,0.9999509144087277,0.0,1.0,0.0,-0.9999509144087277,0.0,-0.009908015600977184,0.01401599159401773,0.012615571613053189,0.49992111859795446,0
-0.010134358899665095,0.0,0.9999486460662331,0.0,1.0,0.0,-0.9999486460662331,0.0,-0.010134358899665095,0.014336178306173963,0.012903777332622384,0.49991769401796143,0
-0.010363871636528126,0.0,0.9999462936401642,0.0,1.0,0.0,-0.9999462936401642,0.0,-0.010363871636528126,0.01466084847645164,0.01319601941218089,0.4999141474709416,0
-0.01059656811218386,0.0,0.9999438547959799,0.0,1.0,0.0,-0.9999438547959799,0.0,-0.01059656811218386,0.014990022332509392,0.013492316104877363,0.4999104756407845,0
-0.01083246246699872,0.0,0.9999413271571993,0.0,1.0,0.0,-0.9999413271571993,0.0,-0.01083246246699872,0.015323719875271988,0.01379268546168495,0.4999066751522035,0
-0.01107156868142495,0.0,0.9999387083051303,0.0,1.0,0.0,-0.9999387083051303,0.0,-0.01107156868142495,0.015661960879406796,0.014097145331889025,0.4999027425703521,0
-0.01131390057633676,0.0,0.9999359957786043,0.0,1.0,0.0,-0.9999359957786043,0.0,-0.01131390057633676,0.016004764893799046,0.014405713363574985,0.4998986744004475,0
-0.0115594718133654,0.0,0.9999331870737145,0.0,1.0,0.0,-0.9999331870737145,0.0,-0.0115594718133654,0.01635215124202557,0.014718407004115953,0.49989446708740115,0
-0.011808295895233389,0.0,0.9999302796435613,0.0,1.0,0.0,-0.9999302796435613,0.0,-0.011808295895233389,0.016704139022827365,0.015035243500660576,0.49989011701545716,0
-0.012060386166087757,0.0,0.9999272708980013,0.0,1.0,0.0,-0.9999272708980013,0.0,-0.012060386166087757,0.01706074711058078,0.015356239900620797,0.4998856205078376,0
-0.012315755811832262,0.0,0.9999241582034026,0.0,1.0,0.0,-0.9999241582034026,0.0,-0.012315755811832262,0.01742199415576722,0.015681413052159546,0.49988097382639585,0
-0.01257441786045875,0.0,0.9999209388824051,0.0,1.0,0.0,-0.9999209388824051,0.0,-0.01257441786045875,0.0177878985854417,0.016010779604678574,0.499876173171277,0
-0.012836385182377456,0.0,0.9999176102136864,0.0,1.0,0.0,-0.9999176102136864,0.0,-0.012836385182377456,0.018158478603699808,0.01634435600930615,0.4998712146805871,0
-0.013101670490746387,0.0,0.9999141694317327,0.0,1.0,0.0,-0.9999141694317327,0.0,-0.013101670490746387,0.01853375219214351,0.01668215851938488,0.4998660944300676,0
-0.013370286341799664,0.0,0.9999106137266162,0.0,1.0,0.0,-0.9999106137266162,0.0,-0.013370286341799664,0.01891373711034537,0.017024203190959382,0.4998608084327809,0
-0.013642245135174957,0.0,0.9999069402437768,0.0,1.0,0.0,-0.9999069402437768,0.0,-0.013642245135174957,0.01929845089631155,0.017370505883264106,0.49985535263880165,0
-0.01391755911423994,0.0,0.9999031460838103,0.0,1.0,0.0,-0.9999031460838103,0.0,-0.01391755911423994,0.01968791086694341,0.017721082259211134,0.4998497229349154,0
-0.014196240366417593,0.0,0.999899228302262,0.0,1.0,0.0,-0.999899228302262,0.0,-0.014196240366417593,0.020082134118497498,0.018075947785877785,0.49984391514432797,0
-0.014478300823510773,0.0,0.9998951839094256,0.0,1.0,0.0,-0.9998951839094256,0.0,-0.014478300823510773,0.020481137527044495,0.018435117734994535,0.4998379250263793,0
-0.014763752262025582,0.0,0.9998910098701486,0.0,1.0,0.0,-0.9998910098701486,0.0,-0.014763752262025582,0.020884937748926486,0.018798607183432688,0.49983174827626875,0
-0.01505260630349382,0.0,0.9998867031036427,0.0,1.0,0.0,-0.9998867031036427,0.0,-0.01505260630349382,0.021293551221212896,0.019166431013692132,0.49982538052478626,0
-0.015344874414794485,0.0,0.9998822604833002,0.0,1.0,0.0,-0.9998822604833002,0.0,-0.015344874414794485,0.02170699416215514,0.019538603914389146,0.499818817338052,0
-0.015640567908474175,0.0,0.9998776788365167,0.0,1.0,0.0,-0.9998776788365167,0.0,-0.015640567908474175,0.0221252825716397,0.019915140380744118,0.49981205421726593,0
-0.01593969794306659,0.0,0.9998729549445189,0.0,1.0,0.0,-0.9998729549445189,0.0,-0.01593969794306659,0.022548432231639912,0.02029605471506933,0.4998050865984634,0
-0.016242275523410912,0.0,0.9998680855421987,0.0,1.0,0.0,-0.9998680855421987,0.0,-0.016242275523410912,0.02297645870666622,0.02068136102725666,0.4997979098522804,0
-0.01654831150096935,0.0,0.9998630673179537,0.0,1.0,0.0,-0.9998630673179537,0.0,-0.01654831150096935,0.023409377344215197,0.021071073235265407,0.49979051928372725,0
-0.01685781657414355,0.0,0.9998578969135327,0.0,1.0,0.0,-0.9998578969135327,0.0,-0.01685781657414355,0.02384720327521704,0.02146520506561003,0.49978291013197035,0
-0.017170801288590023,0.0,0.9998525709238877,0.0,1.0,0.0,-0.9998525709238877,0.0,-0.017170801288590023,0.024289951414481595,0.021863770053847847,0.49977507757012213,0
-0.017487276037534652,0.0,0.9998470858970321,0.0,1.0,0.0,-0.9998470858970321,0.0,-0.017487276037534652,0.024737636461143152,0.0222667815450669,0.49976701670504003,0
-0.017807251062086107,0.0,0.9998414383339049,0.0,1.0,0.0,-0.9998414383339049,0.0,-0.017807251062086107,0.02519027289910367,0.022674252694373627,0.49975872257713455,0
-0.018130736451548328,0.0,0.9998356246882407,0.0,1.0,0.0,-0.9998356246882407,0.0,-0.018130736451548328,0.02564787499747469,0.023086196467380655,0.49975019016018435,0
-0.018457742143731914,0.0,0.9998296413664457,0.0,1.0,0.0,-0.9998296413664457,0.0,-0.018457742143731914,0.026110456811017757,0.023502625640694514,0.49974141436116143,0
-0.018788277925264694,0.0,0.9998234847274808,0.0,1.0,0.0,-0.9998234847274808,0.0,-0.018788277925264694,0.02657803218058356,0.02392355280240348,0.4997323900200649,0
-0.019122353431901117,0.0,0.9998171510827495,0.0,1.0,0.0,-0.9998171510827495,0.0,-0.019122353431901117,0.027050614733549576,0.024348990352565266,0.499723111909762,0
-0.01945997814883072,0.0,0.999810636695993,0.0,1.0,0.0,-0.999810636695993,0.0,-0.01945997814883072,0.02752821788425631,0.02477895050369476,0.4997135747358398,0
-0.01980116141098569,0.0,0.9998039377831917,0.0,1.0,0.0,-0.9998039377831917,0.0,-0.01980116141098569,0.028010854834442257,0.025213445281251867,0.4997037731364654,0
-0.020145912403347323,0.0,0.999797050512471,0.0,1.0,0.0,-0.999797050512471,0.0,-0.020145912403347323,0.02849853857367735,0.0256524865241292,0.4996937016822525,0
-0.020494240161251516,0.0,0.9997899710040169,0.0,1.0,0.0,-0.9997899710040169,0.0,-0.020494240161251516,0.028991281879795057,0.026096085885139845,0.4996833548761412,0
-0.020846153570693395,0.0,0.9997826953299938,0.0,1.0,0.0,-0.9997826953299938,0.0,-0.020846153570693395,0.029489097319323195,0.02654425483150515,0.49967272715328204,0
-0.021201661368630807,0.0,0.9997752195144716,0.0,1.0,0.0,-0.9997752195144716,0.0,-0.021201661368630807,0.029991997247913214,0.02699700464534245,0.49966181288093264,0
-0.021560772143286944,0.0,0.9997675395333584,0.0,1.0,0.0,-0.9997675395333584,0.0,-0.021560772143286944,0.03049999381076823,0.027454346424152818,0.49965060635836156,0
-0.021923494334452023,0.0,0.9997596513143383,0.0,1.0,0.0,-0.9997596513143383,0.0,-0.021923494334452023,0.031013098943069688,0.02791629108130887,0.49963910181676047,0
-0.022289836233783923,0.0,0.9997515507368173,0.0,1.0,0.0,-0.9997515507368173,0.0,-0.022289836233783923,0.031531324370402646,0.028382849346542498,0.49962729341916734,0
-0.022659805985107896,0.0,0.9997432336318748,0.0,1.0,0.0,-0.9997432336318748,0.0,-0.022659805985107896,0.03205468160917968,0.028854031766432583,0.4996151752603974,0
-0.02303341158471538,0.0,0.9997346957822205,0.0,1.0,0.0,-0.9997346957822205,0.0,-0.02303341158471538,0.03258318196706354,0.029329848704892813,0.4996027413669821,0
-0.023410660881661823,0.0,0.9997259329221604,0.0,1.0,0.0,-0.9997259329221604,0.0,-0.023410660881661823,0.03311683654338846,0.029810310343659448,0.4995899856971202,0
-0.02379156157806357,0.0,0.9997169407375656,0.0,1.0,0.0,-0.9997169407375656,0.0,-0.02379156157806357,0.03365565622958008,0.030295426682779025,0.4995769021406342,0
-0.024176121229393818,0.0,0.999707714865851,0.0,1.0,0.0,-0.999707714865851,0.0,-0.024176121229393818,0.034199651709574085,0.03078520754109611,0.4995634845189393,0
-0.02456434724477772,0.0,0.9996982508959581,0.0,1.0,0.0,-0.9996982508959581,0.0,-0.02456434724477772,0.03474883346023363,0.03127966255674114,0.4995497265850188,0
-0.024956246887286475,0.0,0.9996885443683452,0.0,1.0,0.0,-0.9996885443683452,0.0,-0.024956246887286475,0.035303211751765456,0.03177880118761812,0.4995356220234102,0
-0.02535182727423053,0.0,0.9996785907749838,0.0,1.0,0.0,-0.9996785907749838,0.0,-0.02535182727423053,0.035862796648134514,0.03228263271189232,0.49952116445019956,0
-0.025751095377452005,0.0,0.9996683855593621,0.0,1.0,0.0,-0.9996683855593621,0.0,-0.025751095377452005,0.03642759800747773,0.0327911662284782,0.49950634741302685,0
-0.026154058023616023,0.0,0.9996579241164937,0.0,1.0,0.0,-0.9996579241164937,0.0,-0.026154058023616023,0.03699762548251611,0.03330441065752698,0.4994911643910968,0
-0.026560721894501378,0.0,0.999647201792934,0.0,1.0,0.0,-0.999647201792934,0.0,-0.026560721894501378,0.03757288852096592,0.033822374740914554,0.499475608795203,0
-0.026971093527290123,0.0,0.999636213886803,0.0,1.0,0.0,-0.999636213886803,0.0,-0.026971093527290123,0.03815339636594841,0.03434506704272912,0.49945967396775914,0
-0.027385179314856477,0.0,0.9996249556478135,0.0,1.0,0.0,-0.9996249556478135,0.0,-0.027385179314856477,0.03873915805639847,0.03487249594975903,0.49944335318283883,0
-0.027802985506054787,0.0,0.9996134222773072,0.0,1.0,0.0,-0.9996134222773072,0.0,-0.027802985506054787,0.03933018242747209,0.03540466967198052,0.4994266396462266,0
-0.028224518206006632,0.0,0.9996016089282964,0.0,1.0,0.0,-0.9996016089282964,0.0,-0.028224518206006632,0.03992647811095247,0.03594159624304542,0.4994095264954763,0
-0.028649783376387166,0.0,0.9995895107055126,0.0,1.0,0.0,-0.9995895107055126,0.0,-0.028649783376387166,0.04052805353565518,0.036483283520769,0.4993920067999797,0
-0.029078786835710604,0.0,0.9995771226654616,0.0,1.0,0.0,-0.9995771226654616,0.0,-0.029078786835710604,0.04113491692783207,0.03702973918761765,0.49937407356104424,0
-0.02951153425961489,0.0,0.999564439816485,0.0,1.0,0.0,-0.999564439816485,0.0,-0.02951153425961489,0.041747076311574,0.03758097075119669,0.4993557197119797,0
-0.029948031181145574,0.0,0.9995514571188284,0.0,1.0,0.0,-0.9995514571188284,0.0,-0.029948031181145574,0.042364539509212464,0.03813698554473807,0.49933693811819435,0
-0.030388282991038972,0.0,0.9995381694847159,0.0,1.0,0.0,-0.9995381694847159,0.0,-0.030388282991038972,0.04298731414172029,0.03869779072758823,0.49931772157730003,0
-0.030832294938004365,0.0,0.999524571778431,0.0,1.0,0.0,-0.999524571778431,0.0,-0.030832294938004365,0.043615407629110835,0.039263393285695676,0.49929806281922684,0
-0.03128007212900575,0.0,0.9995106588164051,0.0,1.0,0.0,-0.9995106588164051,0.0,-0.03128007212900575,0.04424882719083672,0.039833800032098965,0.49927795450634704,0
-0.03173161952954254,0.0,0.9994964253673109,0.0,1.0,0.0,-0.9994964253673109,0.0,-0.03173161952954254,0.04488757984618696,0.04040901760741432,0.4992573892336078,0
-0.03218694196392968,0.0,0.9994818661521632,0.0,1.0,0.0,-0.9994818661521632,0.0,-0.03218694196392968,0.04553167241468333,0.04098905248032338,0.4992363595286734,0
-0.03264604411557704,0.0,0.9994669758444267,0.0,1.0,0.0,-0.9994669758444267,0.0,-0.03264604411557704,0.04618111151647562,0.04157391094806103,0.499214857852077,0
-0.03310893052726809,0.0,0.9994517490701292,0.0,1.0,0.0,-0.9994517490701292,0.0,-0.03310893052726809,0.046835903572736155,0.0421635991369031,0.499192876597381,0
-0.0335756056014379,0.0,0.9994361804079822,0.0,1.0,0.0,-0.9994361804079822,0.0,-0.0335756056014379,0.04749605480605295,0.0427581230026542,0.4991704080913469,0
-0.03404607360045032,0.0,0.9994202643895074,0.0,1.0,0.0,-0.9994202643895074,0.0,-0.03404607360045032,0.0481615712408221,0.043357488331135306,0.49914744459411453,0
-0.03452033864687487,0.0,0.99940399549917,0.0,1.0,0.0,-0.99940399549917,0.0,-0.03452033864687487,0.04883245870363951,0.04396170073867178,0.4991239782993902,0
-0.034998404723762505,0.0,0.999387368174519,0.0,1.0,0.0,-0.999387368174519,0.0,-0.034998404723762505,0.04950872282369116,0.04457076567258089,0.4991000013346443,0
-0.035480275674921125,0.0,0.9993703768063328,0.0,1.0,0.0,-0.9993703768063328,0.0,-0.035480275674921125,0.05019036903314299,0.045184688411659686,0.49907550576131804,0
-0.03596595520519028,0.0,0.999353015738772,0.0,1.0,0.0,-0.999353015738772,0.0,-0.03596595520519028,0.05087740256752962,0.04580347406667272,0.49905048357503845,0
-0.03645544688071538,0.0,0.9993352792695389,0.0,1.0,0.0,-0.9993352792695389,0.0,-0.03645544688071538,0.051569828466142435,0.04642712758083982,0.4990249267058443,0
-0.03694875412922127,0.0,0.9993171616500431,0.0,1.0,0.0,-0.9993171616500431,0.0,-0.03694875412922127,0.05226765157241676,0.04705565373032388,0.4989988270184198,0
-0.037445880240285216,0.0,0.9992986570855733,0.0,1.0,0.0,-0.9992986570855733,0.0,-0.037445880240285216,0.05297087653431811,0.04768905712471854,0.4989721763123373,0
-0.03794682836560944,0.0,0.9992797597354761,0.0,1.0,0.0,-0.9992797597354761,0.0,-0.03794682836560944,0.05367950780472802,0.048327342207536005,0.4989449663223106,0
-0.038451601519293,0.0,0.9992604637133411,0.0,1.0,0.0,-0.9992604637133411,0.0,-0.038451601519293,0.054393549641828715,0.048970513256694714,0.49891718871845564,0
-0.03896020257810334,0.0,0.9992407630871917,0.0,1.0,0.0,-0.9992407630871917,0.0,-0.03896020257810334,0.055113006109487474,0.049618574385007275,0.4988888351065608,0
-0.0394726342817472,0.0,0.9992206518796835,0.0,1.0,0.0,-0.9992206518796835,0.0,-0.0394726342817472,0.05583788107764008,0.05027152954066805,0.49885989702836697,0
-0.03998889923314105,0.0,0.9992001240683078,0.0,1.0,0.0,-0.9992001240683078,0.0,-0.03998889923314105,0.05656817822267353,0.050929382507741004,0.49883036596185554,0
-0.04050899989868113,0.0,0.999179173585603,0.0,1.0,0.0,-0.999179173585603,0.0,-0.04050899989868113,0.05730390102780827,0.05159213690664737,0.4988002333215465,0
-0.04103293860851315,0.0,0.9991577943193708,0.0,1.0,0.0,-0.9991577943193708,0.0,-0.04103293860851315,0.05804505278347988,0.05225979619465354,0.4987694904588046,0
-0.04156071755680134,0.0,0.9991359801128993,0.0,1.0,0.0,-0.9991359801128993,0.0,-0.04156071755680134,0.05879163658771998,0.052932363666358756,0.49873812866215483,0
-0.042092338801997295,0.0,0.999113724765193,0.0,1.0,0.0,-0.999113724765193,0.0,-0.042092338801997295,0.059543655346536634,0.0536098424541828,0.49870613915760703,0
-0.042627804267108396,0.0,0.9990910220312087,0.0,1.0,0.0,-0.9990910220312087,0.0,-0.042627804267108396,0.0603011117742944,0.05429223552885386,0.4986735131089895,0
-0.04316711573996586,0.0,0.9990678656220969,0.0,1.0,0.0,-0.9990678656220969,0.0,-0.04316711573996586,0.06106400839409366,0.05497954569989626,0.49864024161829046,0
-0.04371027487349245,0.0,0.9990442492054512,0.0,1.0,0.0,-0.9990442492054512,0.0,-0.04371027487349245,0.061832347538149666,0.05567177561611818,0.49860631572601016,0
-0.044257283185969894,0.0,0.999020166405562,0.0,1.0,0.0,-0.999020166405562,0.0,-0.044257283185969894,0.06260613134817097,0.05636892776609941,0.49857172641152014,0
-0.044808142061306025,0.0,0.998995610803678,0.0,1.0,0.0,-0.998995610803678,0.0,-0.044808142061306025,0.06338536177573766,0.057071004478679174,0.4985364645934323,0
-0.04536285274930164,0.0,0.9989705759382732,0.0,1.0,0.0,-0.9989705759382732,0.0,-0.04536285274930164,0.06417004058267901,0.05777800792344387,0.49850052112997656,0
-0.045921416365917005,0.0,0.9989450553053196,0.0,1.0,0.0,-0.9989450553053196,0.0,-0.045921416365917005,0.06496016934145094,0.05848994011121468,0.4984638868193866,0
-0.046483833893538405,0.0,0.9989190423585677,0.0,1.0,0.0,-0.9989190423585677,0.0,-0.046483833893538405,0.06575574943551306,0.05920680289453559,0.49842655240029593,0
-0.04705010618124421,0.0,0.998892530509831,0.0,1.0,0.0,-0.998892530509831,0.0,-0.04705010618124421,0.06655678205970561,0.05992859796816097,0.4983885085521408,0
-0.047620233945070846,0.0,0.9988655131292784,0.0,1.0,0.0,-0.9988655131292784,0.0,-0.047620233945070846,0.06736326822062583,0.06065532686954331,0.4983497458955728,0
-0.04819421776827874,0.0,0.9988379835457318,0.0,1.0,0.0,-0.9988379835457318,0.0,-0.04819421776827874,0.06817520873700443,0.06138699097932114,0.49831025499287995,0
-0.04877205810161789,0.0,0.99880993504697,0.0,1.0,0.0,-0.99880993504697,0.0,-0.04877205810161789,0.06899260424008166,0.06212359152180657,0.49827002634841644,0
-0.049353755263593584,0.0,0.9987813608800383,0.0,1.0,0.0,-0.9987813608800383,0.0,-0.049353755263593584,0.06981545517398347,0.06286512956547327,0.49822905040904025,0
-0.049939309440731834,0.0,0.998752254251565,0.0,1.0,0.0,-0.998752254251565,0.0,-0.049939309440731834,0.0706437617960972,0.06361160602344408,0.49818731756456064,0
-0.05052872068784479,0.0,0.9987226083280831,0.0,1.0,0.0,-0.9987226083280831,0.0,-0.05052872068784479,0.0714775241774475,0.06436302165397875,0.49814481814819295,0
-0.05112198892829622,0.0,0.9986924162363581,0.0,1.0,0.0,-0.9986924162363581,0.0,-0.05112198892829622,0.07231674220307209,0.06511937706096188,0.4981015424370219,0
-0.05171911395426683,0.0,0.998661671063722,0.0,1.0,0.0,-0.998661671063722,0.0,-0.05171911395426683,0.07316141557239737,0.06588067269439044,0.49805748065247435,0
-0.05232009542701964,0.0,0.9986303658584129,0.0,1.0,0.0,-0.9986303658584129,0.0,-0.05232009542701964,0.07401154379961433,0.06664690885086166,0.49801262296079885,0
-0.05292493287716553,0.0,0.998598493629921,0.0,1.0,0.0,-0.998598493629921,0.0,-0.05292493287716553,0.07486712621405431,0.06741808567406085,0.497966959473555,0
-0.05353362570492855,0.0,0.9985660473493402,0.0,1.0,0.0,-0.9985660473493402,0.0,-0.05353362570492855,0.07572816196056478,0.06819420315524899,0.49792048024811075,0
-0.05414617318041166,0.0,0.9985330199497244,0.0,1.0,0.0,-0.9985330199497244,0.0,-0.05414617318041166,0.07659464999988555,0.06897526113375062,0.49787317528814623,0
-0.05476257444386224,0.0,0.9984994043264525,0.0,1.0,0.0,-0.9984994043264525,0.0,-0.05476257444386224,0.07746658910902478,0.06976125929744152,0.4978250345441693,0
-0.05538282850593806,0.0,0.9984651933375954,0.0,1.0,0.0,-0.9984651933375954,0.0,-0.05538282850593806,0.07834397788163536,0.07055219718323652,0.4977760479140355,0
-0.056006934247973136,0.0,0.9984303798042922,0.0,1.0,0.0,-0.9984303798042922,0.0,-0.056006934247973136,0.07922681472839173,0.07134807417757724,0.49772620524347855,0
-0.05663489042224389,0.0,0.9983949565111296,0.0,1.0,0.0,-0.9983949565111296,0.0,-0.05663489042224389,0.08011509787736641,0.07214888951691976,0.49767549632664826,0
-0.057266695652235744,0.0,0.9983589162065285,0.0,1.0,0.0,-0.9983589162065285,0.0,-0.057266695652235744,0.08100882537440762,0.0729546422882227,0.49762391090665575,0
-0.057902348432909305,0.0,0.9983222516031354,0.0,1.0,0.0,-0.9983222516031354,0.0,-0.057902348432909305,0.08190799508351625,0.07376533142943442,0.4975714386761283,0
-0.05854184713096767,0.0,0.9982849553782198,0.0,1.0,0.0,-0.9982849553782198,0.0,-0.05854184713096767,0.08281260468722429,0.07458095572998136,0.4975180692777703,0
-0.059185189985123274,0.0,0.9982470201740774,0.0,1.0,0.0,-0.9982470201740774,0.0,-0.059185189985123274,0.08372265168697281,0.07540151383125536,0.49746379230493354,0
